500
0 4293 1423 6257 5097 1905 9688 3079 779 4644 6213 915 790 3743
1 4293 1423 6257 5097 1905 9688 3079 779 4644 6213 915 790 3743
2 4293 1423 6257 5097 1905 9688 3079 779 4644 6213 915 790 3743
3 4293 1423 6257 5097 1905 9688 3079 779 4644 6213 915 790 3743
4 4293 1423 6257 5097 1905 9688 3079 779 4644 6213 915 790 3743
5 4293 1423 6257 5097 1905 9688 3079 779 4644 6213 915 790 3743
6 4293 1423 6257 5097 1905 9688 3079 779 4644 6213 915 790 3743
7 4293 1423 6257 5097 1905 9688 3079 779 4644 6213 915 790 3743
8 4293 1423 6257 5097 1905 9688 3079 779 4644 6213 915 790 3743
9 4293 1423 6257 5097 1905 9688 3079 779 4644 6213 915 790 3743
10 4293 1423 6257 5097 1905 9688 3079 779 4644 6213 915 790 3743
11 4293 1423 6257 5097 1905 9688 3079 779 4644 6213 915 790 3743
12 4293 1423 6257 5097 1905 9688 3079 779 4644 6213 915 790 3743
13 4293 1423 6257 5097 1905 9688 3079 779 4644 6213 915 790 3743
14 4293 1423 6257 5097 1905 9688 3079 779 4644 6213 915 790 3743
15 4293 1423 6257 5097 1905 9688 3079 779 4644 6213 915 790 3743
16 4293 1423 6257 5097 1905 9688 3079 779 4644 6213 915 790 3743
17 4293 1423 6257 5097 1905 9688 3079 779 4644 6213 915 790 3743
18 4293 1423 6257 5097 1905 9688 3079 779 4644 6213 915 790 3743
19 4293 1423 6257 5097 1905 9688 3079 779 4644 6213 915 790 3743
20 4293 1423 6257 5097 1905 9688 3079 779 4644 6213 915 790 3743
21 4293 1423 6257 5097 1905 9688 3079 779 4644 6213 915 790 3743
22 4293 1423 6257 5097 1905 9688 3079 779 4644 6213 915 790 3743
23 4293 1423 6257 5097 1905 9688 3079 779 4644 6213 915 790 3743
24 4293 1423 6257 5097 1905 9688 3079 779 4644 6213 915 790 3743
25 4293 1423 6257 5097 1905 9688 3079 779 4644 6213 915 790 3743
26 4293 1423 6257 5097 1905 9688 3079 779 4644 6213 915 790 3743
27 4293 1423 6257 5097 1905 9688 3079 779 4644 6213 915 790 3743
28 4293 1423 6257 5097 1905 9688 3079 779 4644 6213 915 790 3743
29 4293 1423 6257 5097 1905 9688 3079 779 4644 6213 915 790 3743
30 4293 1423 6257 5097 1905 9688 3079 779 4644 6213 915 790 3743
31 4293 1423 6257 5097 1905 9688 3079 779 4644 6213 915 790 3743
32 4293 1423 6257 5097 1905 9688 3079 779 4644 6213 915 790 3743
33 4293 1423 6257 5097 1905 9688 3079 779 4644 6213 915 790 3743
34 4293 1423 6257 5097 1905 9688 3079 779 4644 6213 915 790 3743
35 4293 1423 6257 5097 1905 9688 3079 779 4644 6213 915 790 3743
36 4293 1423 6257 5097 1905 9688 3079 779 4644 6213 915 790 3743
37 4293 1423 6257 5097 1905 9688 3079 779 4644 6213 915 790 3743
38 4293 1423 6257 5097 1905 9688 3079 779 4644 6213 915 790 3743
39 4293 1423 6257 5097 1905 9688 3079 779 4644 6213 915 790 3743
40 4293 1423 6257 5097 1905 9688 3079 779 4644 6213 915 790 3743
41 4293 1423 6257 5097 1905 9688 3079 779 4644 6213 915 790 3743
42 4293 1423 6257 5097 1905 9688 3079 779 4644 6213 915 790 3743
43 4293 1423 6257 5097 1905 9688 3079 779 4644 6213 915 790 3743
44 4293 1423 6257 5097 1905 9688 3079 779 4644 6213 915 790 3743
45 4293 1423 6257 5097 1905 9688 3079 779 4644 6213 915 790 3743
46 4293 1423 6257 5097 1905 9688 3079 779 4644 6213 915 790 3743
47 4293 1423 6257 5097 1905 9688 3079 779 4644 6213 915 790 3743
48 4293 1423 6257 5097 1905 9688 3079 779 4644 6213 915 790 3743
49 4293 1423 6257 5097 1905 9688 3079 779 4644 6213 915 790 3743
50 4293 1423 6257 5097 1905 9688 3079 779 4644 6213 915 790 3743
51 4293 1423 6257 5097 1905 9688 3079 779 4644 6213 915 790 3743
52 4293 1423 6257 5097 1905 9688 3079 779 4644 6213 915 790 3743
53 4293 1423 6257 5097 1905 9688 3079 779 4644 6213 915 790 3743
54 4293 1423 6257 5097 1905 9688 3079 779 4644 6213 915 790 3743
55 4293 1423 6257 5097 1905 9688 3079 779 4644 6213 915 790 3743
56 4293 1423 6257 5097 1905 9688 3079 779 4644 6213 915 790 3743
57 4293 1423 6257 5097 1905 9688 3079 779 4644 6213 915 790 3743
58 4293 1423 6257 5097 1905 9688 3079 779 4644 6213 915 790 3743
59 4293 1423 6257 5097 1905 9688 3079 779 4644 6213 915 790 3743
60 4293 1423 6257 5097 1905 9688 3079 779 4644 6213 915 790 3743
61 4293 1423 6257 5097 1905 9688 3079 779 4644 6213 915 790 3743
62 4293 1423 6257 5097 1905 9688 3079 779 4644 6213 915 790 3743
63 4293 1423 6257 5097 1905 9688 3079 779 4644 6213 915 790 3743
64 4293 1423 6257 5097 1905 9688 3079 779 4644 6213 915 790 3743
65 4293 1423 6257 5097 1905 9688 3079 779 4644 6213 915 790 3743
66 4293 1423 6257 5097 1905 9688 3079 779 4644 6213 915 790 3743
67 4293 1423 6257 5097 1905 9688 3079 779 4644 6213 915 790 3743
68 4293 1423 6257 5097 1905 9688 3079 779 4644 6213 915 790 3743
69 4293 1423 6257 5097 1905 9688 3079 779 4644 6213 915 790 3743
70 4293 1423 6257 5097 1905 9688 3079 779 4644 6213 915 790 3743
71 4293 1423 6257 5097 1905 9688 3079 779 4644 6213 915 790 3743
72 4293 1423 6257 5097 1905 9688 3079 779 4644 6213 915 790 3743
73 4293 1423 6257 5097 1905 9688 3079 779 4644 6213 915 790 3743
74 4293 1423 6257 5097 1905 9688 3079 779 4644 6213 915 790 3743
75 4293 1423 6257 5097 1905 9688 3079 779 4644 6213 915 790 3743
76 4293 1423 6257 5097 1905 9688 3079 779 4644 6213 915 790 3743
77 4293 1423 6257 5097 1905 9688 3079 779 4644 6213 915 790 3743
78 4293 1423 6257 5097 1905 9688 3079 779 4644 6213 915 790 3743
79 4293 1423 6257 5097 1905 9688 3079 779 4644 6213 915 790 3743
80 4293 1423 6257 5097 1905 9688 3079 779 4644 6213 915 790 3743
81 4293 1423 6257 5097 1905 9688 3079 779 4644 6213 915 790 3743
82 4293 1423 6257 5097 1905 9688 3079 779 4644 6213 915 790 3743
83 4293 1423 6257 5097 1905 9688 3079 779 4644 6213 915 790 3743
84 4293 1423 6257 5097 1905 9688 3079 779 4644 6213 915 790 3743
85 4293 1423 6257 5097 1905 9688 3079 779 4644 6213 915 790 3743
86 4293 1423 6257 5097 1905 9688 3079 779 4644 6213 915 790 3743
87 4293 1423 6257 5097 1905 9688 3079 779 4644 6213 915 790 3743
88 4293 1423 6257 5097 1905 9688 3079 779 4644 6213 915 790 3743
89 4293 1423 6257 5097 1905 9688 3079 779 4644 6213 915 790 3743
90 4293 1423 6257 5097 1905 9688 3079 779 4644 6213 915 790 3743
91 4293 1423 6257 5097 1905 9688 3079 779 4644 6213 915 790 3743
92 4293 1423 6257 5097 1905 9688 3079 779 4644 6213 915 790 3743
93 4293 1423 6257 5097 1905 9688 3079 779 4644 6213 915 790 3743
94 4293 1423 6257 5097 1905 9688 3079 779 4644 6213 915 790 3743
95 4293 1423 6257 5097 1905 9688 3079 779 4644 6213 915 790 3743
96 4293 1423 6257 5097 1905 9688 3079 779 4644 6213 915 790 3743
97 4293 1423 6257 5097 1905 9688 3079 779 4644 6213 915 790 3743
98 4293 1423 6257 5097 1905 9688 3079 779 4644 6213 915 790 3743
99 4293 1423 6257 5097 1905 9688 3079 779 4644 6213 915 790 3743
100 4293 1423 6257 5097 1905 9688 3079 779 4644 6213 915 790 3743
101 4293 1423 6257 5097 1905 9688 3079 779 4644 6213 915 790 3743
102 4293 1423 6257 5097 1905 9688 3079 779 4644 6213 915 790 3743
103 4293 1423 6257 5097 1905 9688 3079 779 4644 6213 915 790 3743
104 4293 1423 6257 5097 1905 9688 3079 779 4644 6213 915 790 3743
105 4293 1423 6257 5097 1905 9688 3079 779 4644 6213 915 790 3743
106 4293 1423 6257 5097 1905 9688 3079 779 4644 6213 915 790 3743
107 4293 1423 6257 5097 1905 9688 3079 779 4644 6213 915 790 3743
108 4293 1423 6257 5097 1905 9688 3079 779 4644 6213 915 790 3743
109 4293 1423 6257 5097 1905 9688 3079 779 4644 6213 915 790 3743
110 4293 1423 6257 5097 1905 9688 3079 779 4644 6213 915 790 3743
111 4293 1423 6257 5097 1905 9688 3079 779 4644 6213 915 790 3743
112 4293 1423 6257 5097 1905 9688 3079 779 4644 6213 915 790 3743
113 4293 1423 6257 5097 1905 9688 3079 779 4644 6213 915 790 3743
114 4293 1423 6257 5097 1905 9688 3079 779 4644 6213 915 790 3743
115 4293 1423 6257 5097 1905 9688 3079 779 4644 6213 915 790 3743
116 4293 1423 6257 5097 1905 9688 3079 779 4644 6213 915 790 3743
117 4293 1423 6257 5097 1905 9688 3079 779 4644 6213 915 790 3743
118 4293 1423 6257 5097 1905 9688 3079 779 4644 6213 915 790 3743
119 4293 1423 6257 5097 1905 9688 3079 779 4644 6213 915 790 3743
120 4293 1423 6257 5097 1905 9688 3079 779 4644 6213 915 790 3743
121 4293 1423 6257 5097 1905 9688 3079 779 4644 6213 915 790 3743
122 4293 1423 6257 5097 1905 9688 3079 779 4644 6213 915 790 3743
123 4293 1423 6257 5097 1905 9688 3079 779 4644 6213 915 790 3743
124 4293 1423 6257 5097 1905 9688 3079 779 4644 6213 915 790 3743
125 4293 1423 6257 5097 1905 9688 3079 779 4644 6213 915 790 3743
126 4293 1423 6257 5097 1905 9688 3079 779 4644 6213 915 790 3743
127 4293 1423 6257 5097 1905 9688 3079 779 4644 6213 915 790 3743
128 4293 1423 6257 5097 1905 9688 3079 779 4644 6213 915 790 3743
129 4293 1423 6257 5097 1905 9688 3079 779 4644 6213 915 790 3743
130 4293 1423 6257 5097 1905 9688 3079 779 4644 6213 915 790 3743
131 4293 1423 6257 5097 1905 9688 3079 779 4644 6213 915 790 3743
132 4293 1423 6257 5097 1905 9688 3079 779 4644 6213 915 790 3743
133 4293 1423 6257 5097 1905 9688 3079 779 4644 6213 915 790 3743
134 4293 1423 6257 5097 1905 9688 3079 779 4644 6213 915 790 3743
135 4293 1423 6257 5097 1905 9688 3079 779 4644 6213 915 790 3743
136 4293 1423 6257 5097 1905 9688 3079 779 4644 6213 915 790 3743
137 4293 1423 6257 5097 1905 9688 3079 779 4644 6213 915 790 3743
138 4293 1423 6257 5097 1905 9688 3079 779 4644 6213 915 790 3743
139 4293 1423 6257 5097 1905 9688 3079 779 4644 6213 915 790 3743
140 4293 1423 6257 5097 1905 9688 3079 779 4644 6213 915 790 3743
141 4293 1423 6257 5097 1905 9688 3079 779 4644 6213 915 790 3743
142 4293 1423 6257 5097 1905 9688 3079 779 4644 6213 915 790 3743
143 4293 1423 6257 5097 1905 9688 3079 779 4644 6213 915 790 3743
144 4293 1423 6257 5097 1905 9688 3079 779 4644 6213 915 790 3743
145 4293 1423 6257 5097 1905 9688 3079 779 4644 6213 915 790 3743
146 4293 1423 6257 5097 1905 9688 3079 779 4644 6213 915 790 3743
147 4293 1423 6257 5097 1905 9688 3079 779 4644 6213 915 790 3743
148 4293 1423 6257 5097 1905 9688 3079 779 4644 6213 915 790 3743
149 4293 1423 6257 5097 1905 9688 3079 779 4644 6213 915 790 3743
150 4293 1423 6257 5097 1905 9688 3079 779 4644 6213 915 790 3743
151 4293 1423 6257 5097 1905 9688 3079 779 4644 6213 915 790 3743
152 4293 1423 6257 5097 1905 9688 3079 779 4644 6213 915 790 3743
153 4293 1423 6257 5097 1905 9688 3079 779 4644 6213 915 790 3743
154 4293 1423 6257 5097 1905 9688 3079 779 4644 6213 915 790 3743
155 4293 1423 6257 5097 1905 9688 3079 779 4644 6213 915 790 3743
156 4293 1423 6257 5097 1905 9688 3079 779 4644 6213 915 790 3743
157 4293 1423 6257 5097 1905 9688 3079 779 4644 6213 915 790 3743
158 4293 1423 6257 5097 1905 9688 3079 779 4644 6213 915 790 3743
159 4293 1423 6257 5097 1905 9688 3079 779 4644 6213 915 790 3743
160 4293 1423 6257 5097 1905 9688 3079 779 4644 6213 915 790 3743
161 4293 1423 6257 5097 1905 9688 3079 779 4644 6213 915 790 3743
162 4293 1423 6257 5097 1905 9688 3079 779 4644 6213 915 790 3743
163 4293 1423 6257 5097 1905 9688 3079 779 4644 6213 915 790 3743
164 4293 1423 6257 5097 1905 9688 3079 779 4644 6213 915 790 3743
165 4293 1423 6257 5097 1905 9688 3079 779 4644 6213 915 790 3743
166 4293 1423 6257 5097 1905 9688 3079 779 4644 6213 915 790 3743
167 4293 1423 6257 5097 1905 9688 3079 779 4644 6213 915 790 3743
168 4293 1423 6257 5097 1905 9688 3079 779 4644 6213 915 790 3743
169 4293 1423 6257 5097 1905 9688 3079 779 4644 6213 915 790 3743
170 4293 1423 6257 5097 1905 9688 3079 779 4644 6213 915 790 3743
171 4293 1423 6257 5097 1905 9688 3079 779 4644 6213 915 790 3743
172 4293 1423 6257 5097 1905 9688 3079 779 4644 6213 915 790 3743
173 4293 1423 6257 5097 1905 9688 3079 779 4644 6213 915 790 3743
174 4293 1423 6257 5097 1905 9688 3079 779 4644 6213 915 790 3743
175 4293 1423 6257 5097 1905 9688 3079 779 4644 6213 915 790 3743
176 4293 1423 6257 5097 1905 9688 3079 779 4644 6213 915 790 3743
177 4293 1423 6257 5097 1905 9688 3079 779 4644 6213 915 790 3743
178 4293 1423 6257 5097 1905 9688 3079 779 4644 6213 915 790 3743
179 4293 1423 6257 5097 1905 9688 3079 779 4644 6213 915 790 3743
180 4293 1423 6257 5097 1905 9688 3079 779 4644 6213 915 790 3743
181 4293 1423 6257 5097 1905 9688 3079 779 4644 6213 915 790 3743
182 4293 1423 6257 5097 1905 9688 3079 779 4644 6213 915 790 3743
183 4293 1423 6257 5097 1905 9688 3079 779 4644 6213 915 790 3743
184 4293 1423 6257 5097 1905 9688 3079 779 4644 6213 915 790 3743
185 4293 1423 6257 5097 1905 9688 3079 779 4644 6213 915 790 3743
186 4293 1423 6257 5097 1905 9688 3079 779 4644 6213 915 790 3743
187 4293 1423 6257 5097 1905 9688 3079 779 4644 6213 915 790 3743
188 4293 1423 6257 5097 1905 9688 3079 779 4644 6213 915 790 3743
189 4293 1423 6257 5097 1905 9688 3079 779 4644 6213 915 790 3743
190 4293 1423 6257 5097 1905 9688 3079 779 4644 6213 915 790 3743
191 4293 1423 6257 5097 1905 9688 3079 779 4644 6213 915 790 3743
192 4293 1423 6257 5097 1905 9688 3079 779 4644 6213 915 790 3743
193 4293 1423 6257 5097 1905 9688 3079 779 4644 6213 915 790 3743
194 4293 1423 6257 5097 1905 9688 3079 779 4644 6213 915 790 3743
195 4293 1423 6257 5097 1905 9688 3079 779 4644 6213 915 790 3743
196 4293 1423 6257 5097 1905 9688 3079 779 4644 6213 915 790 3743
197 4293 1423 6257 5097 1905 9688 3079 779 4644 6213 915 790 3743
198 4293 1423 6257 5097 1905 9688 3079 779 4644 6213 915 790 3743
199 4293 1423 6257 5097 1905 9688 3079 779 4644 6213 915 790 3743
200 4293 1423 6257 5097 1905 9688 3079 779 4644 6213 915 790 3743
201 4293 1423 6257 5097 1905 9688 3079 779 4644 6213 915 790 3743
202 4293 1423 6257 5097 1905 9688 3079 779 4644 6213 915 790 3743
203 4293 1423 6257 5097 1905 9688 3079 779 4644 6213 915 790 3743
204 4293 1423 6257 5097 1905 9688 3079 779 4644 6213 915 790 3743
205 4293 1423 6257 5097 1905 9688 3079 779 4644 6213 915 790 3743
206 4293 1423 6257 5097 1905 9688 3079 779 4644 6213 915 790 3743
207 4293 1423 6257 5097 1905 9688 3079 779 4644 6213 915 790 3743
208 4293 1423 6257 5097 1905 9688 3079 779 4644 6213 915 790 3743
209 4293 1423 6257 5097 1905 9688 3079 779 4644 6213 915 790 3743
210 4293 1423 6257 5097 1905 9688 3079 779 4644 6213 915 790 3743
211 4293 1423 6257 5097 1905 9688 3079 779 4644 6213 915 790 3743
212 4293 1423 6257 5097 1905 9688 3079 779 4644 6213 915 790 3743
213 4293 1423 6257 5097 1905 9688 3079 779 4644 6213 915 790 3743
214 4293 1423 6257 5097 1905 9688 3079 779 4644 6213 915 790 3743
215 4293 1423 6257 5097 1905 9688 3079 779 4644 6213 915 790 3743
216 4293 1423 6257 5097 1905 9688 3079 779 4644 6213 915 790 3743
217 4293 1423 6257 5097 1905 9688 3079 779 4644 6213 915 790 3743
218 4293 1423 6257 5097 1905 9688 3079 779 4644 6213 915 790 3743
219 4293 1423 6257 5097 1905 9688 3079 779 4644 6213 915 790 3743
220 4293 1423 6257 5097 1905 9688 3079 779 4644 6213 915 790 3743
221 4293 1423 6257 5097 1905 9688 3079 779 4644 6213 915 790 3743
222 4293 1423 6257 5097 1905 9688 3079 779 4644 6213 915 790 3743
223 4293 1423 6257 5097 1905 9688 3079 779 4644 6213 915 790 3743
224 4293 1423 6257 5097 1905 9688 3079 779 4644 6213 915 790 3743
225 4293 1423 6257 5097 1905 9688 3079 779 4644 6213 915 790 3743
226 4293 1423 6257 5097 1905 9688 3079 779 4644 6213 915 790 3743
227 4293 1423 6257 5097 1905 9688 3079 779 4644 6213 915 790 3743
228 4293 1423 6257 5097 1905 9688 3079 779 4644 6213 915 790 3743
229 4293 1423 6257 5097 1905 9688 3079 779 4644 6213 915 790 3743
230 4293 1423 6257 5097 1905 9688 3079 779 4644 6213 915 790 3743
231 4293 1423 6257 5097 1905 9688 3079 779 4644 6213 915 790 3743
232 4293 1423 6257 5097 1905 9688 3079 779 4644 6213 915 790 3743
233 4293 1423 6257 5097 1905 9688 3079 779 4644 6213 915 790 3743
234 4293 1423 6257 5097 1905 9688 3079 779 4644 6213 915 790 3743
235 4293 1423 6257 5097 1905 9688 3079 779 4644 6213 915 790 3743
236 4293 1423 6257 5097 1905 9688 3079 779 4644 6213 915 790 3743
237 4293 1423 6257 5097 1905 9688 3079 779 4644 6213 915 790 3743
238 4293 1423 6257 5097 1905 9688 3079 779 4644 6213 915 790 3743
239 4293 1423 6257 5097 1905 9688 3079 779 4644 6213 915 790 3743
240 4293 1423 6257 5097 1905 9688 3079 779 4644 6213 915 790 3743
241 4293 1423 6257 5097 1905 9688 3079 779 4644 6213 915 790 3743
242 4293 1423 6257 5097 1905 9688 3079 779 4644 6213 915 790 3743
243 4293 1423 6257 5097 1905 9688 3079 779 4644 6213 915 790 3743
244 4293 1423 6257 5097 1905 9688 3079 779 4644 6213 915 790 3743
245 4293 1423 6257 5097 1905 9688 3079 779 4644 6213 915 790 3743
246 4293 1423 6257 5097 1905 9688 3079 779 4644 6213 915 790 3743
247 4293 1423 6257 5097 1905 9688 3079 779 4644 6213 915 790 3743
248 4293 1423 6257 5097 1905 9688 3079 779 4644 6213 915 790 3743
249 4293 1423 6257 5097 1905 9688 3079 779 4644 6213 915 790 3743
250 4293 1423 6257 5097 1905 9688 3079 779 4644 6213 915 790 3743
251 4293 1423 6257 5097 1905 9688 3079 779 4644 6213 915 790 3743
252 4293 1423 6257 5097 1905 9688 3079 779 4644 6213 915 790 3743
253 4293 1423 6257 5097 1905 9688 3079 779 4644 6213 915 790 3743
254 4293 1423 6257 5097 1905 9688 3079 779 4644 6213 915 790 3743
255 4293 1423 6257 5097 1905 9688 3079 779 4644 6213 915 790 3743
256 4293 1423 6257 5097 1905 9688 3079 779 4644 6213 915 790 3743
257 4293 1423 6257 5097 1905 9688 3079 779 4644 6213 915 790 3743
258 4293 1423 6257 5097 1905 9688 3079 779 4644 6213 915 790 3743
259 4293 1423 6257 5097 1905 9688 3079 779 4644 6213 915 790 3743
260 4293 1423 6257 5097 1905 9688 3079 779 4644 6213 915 790 3743
261 4293 1423 6257 5097 1905 9688 3079 779 4644 6213 915 790 3743
262 4293 1423 6257 5097 1905 9688 3079 779 4644 6213 915 790 3743
263 4293 1423 6257 5097 1905 9688 3079 779 4644 6213 915 790 3743
264 4293 1423 6257 5097 1905 9688 3079 779 4644 6213 915 790 3743
265 4293 1423 6257 5097 1905 9688 3079 779 4644 6213 915 790 3743
266 4293 1423 6257 5097 1905 9688 3079 779 4644 6213 915 790 3743
267 4293 1423 6257 5097 1905 9688 3079 779 4644 6213 915 790 3743
268 4293 1423 6257 5097 1905 9688 3079 779 4644 6213 915 790 3743
269 4293 1423 6257 5097 1905 9688 3079 779 4644 6213 915 790 3743
270 4293 1423 6257 5097 1905 9688 3079 779 4644 6213 915 790 3743
271 4293 1423 6257 5097 1905 9688 3079 779 4644 6213 915 790 3743
272 4293 1423 6257 5097 1905 9688 3079 779 4644 6213 915 790 3743
273 4293 1423 6257 5097 1905 9688 3079 779 4644 6213 915 790 3743
274 4293 1423 6257 5097 1905 9688 3079 779 4644 6213 915 790 3743
275 4293 1423 6257 5097 1905 9688 3079 779 4644 6213 915 790 3743
276 4293 1423 6257 5097 1905 9688 3079 779 4644 6213 915 790 3743
277 4293 1423 6257 5097 1905 9688 3079 779 4644 6213 915 790 3743
278 4293 1423 6257 5097 1905 9688 3079 779 4644 6213 915 790 3743
279 4293 1423 6257 5097 1905 9688 3079 779 4644 6213 915 790 3743
280 4293 1423 6257 5097 1905 9688 3079 779 4644 6213 915 790 3743
281 4293 1423 6257 5097 1905 9688 3079 779 4644 6213 915 790 3743
282 4293 1423 6257 5097 1905 9688 3079 779 4644 6213 915 790 3743
283 4293 1423 6257 5097 1905 9688 3079 779 4644 6213 915 790 3743
284 4293 1423 6257 5097 1905 9688 3079 779 4644 6213 915 790 3743
285 4293 1423 6257 5097 1905 9688 3079 779 4644 6213 915 790 3743
286 4293 1423 6257 5097 1905 9688 3079 779 4644 6213 915 790 3743
287 4293 1423 6257 5097 1905 9688 3079 779 4644 6213 915 790 3743
288 4293 1423 6257 5097 1905 9688 3079 779 4644 6213 915 790 3743
289 4293 1423 6257 5097 1905 9688 3079 779 4644 6213 915 790 3743
290 4293 1423 6257 5097 1905 9688 3079 779 4644 6213 915 790 3743
291 4293 1423 6257 5097 1905 9688 3079 779 4644 6213 915 790 3743
292 4293 1423 6257 5097 1905 9688 3079 779 4644 6213 915 790 3743
293 4293 1423 6257 5097 1905 9688 3079 779 4644 6213 915 790 3743
294 4293 1423 6257 5097 1905 9688 3079 779 4644 6213 915 790 3743
295 4293 1423 6257 5097 1905 9688 3079 779 4644 6213 915 790 3743
296 4293 1423 6257 5097 1905 9688 3079 779 4644 6213 915 790 3743
297 4293 1423 6257 5097 1905 9688 3079 779 4644 6213 915 790 3743
298 4293 1423 6257 5097 1905 9688 3079 779 4644 6213 915 790 3743
299 4293 1423 6257 5097 1905 9688 3079 779 4644 6213 915 790 3743
300 4293 1423 6257 5097 1905 9688 3079 779 4644 6213 915 790 3743
301 4293 1423 6257 5097 1905 9688 3079 779 4644 6213 915 790 3743
302 4293 1423 6257 5097 1905 9688 3079 779 4644 6213 915 790 3743
303 4293 1423 6257 5097 1905 9688 3079 779 4644 6213 915 790 3743
304 4293 1423 6257 5097 1905 9688 3079 779 4644 6213 915 790 3743
305 4293 1423 6257 5097 1905 9688 3079 779 4644 6213 915 790 3743
306 4293 1423 6257 5097 1905 9688 3079 779 4644 6213 915 790 3743
307 4293 1423 6257 5097 1905 9688 3079 779 4644 6213 915 790 3743
308 4293 1423 6257 5097 1905 9688 3079 779 4644 6213 915 790 3743
309 4293 1423 6257 5097 1905 9688 3079 779 4644 6213 915 790 3743
310 4293 1423 6257 5097 1905 9688 3079 779 4644 6213 915 790 3743
311 4293 1423 6257 5097 1905 9688 3079 779 4644 6213 915 790 3743
312 4293 1423 6257 5097 1905 9688 3079 779 4644 6213 915 790 3743
313 4293 1423 6257 5097 1905 9688 3079 779 4644 6213 915 790 3743
314 4293 1423 6257 5097 1905 9688 3079 779 4644 6213 915 790 3743
315 4293 1423 6257 5097 1905 9688 3079 779 4644 6213 915 790 3743
316 4293 1423 6257 5097 1905 9688 3079 779 4644 6213 915 790 3743
317 4293 1423 6257 5097 1905 9688 3079 779 4644 6213 915 790 3743
318 4293 1423 6257 5097 1905 9688 3079 779 4644 6213 915 790 3743
319 4293 1423 6257 5097 1905 9688 3079 779 4644 6213 915 790 3743
320 4293 1423 6257 5097 1905 9688 3079 779 4644 6213 915 790 3743
321 4293 1423 6257 5097 1905 9688 3079 779 4644 6213 915 790 3743
322 4293 1423 6257 5097 1905 9688 3079 779 4644 6213 915 790 3743
323 4293 1423 6257 5097 1905 9688 3079 779 4644 6213 915 790 3743
324 4293 1423 6257 5097 1905 9688 3079 779 4644 6213 915 790 3743
325 4293 1423 6257 5097 1905 9688 3079 779 4644 6213 915 790 3743
326 4293 1423 6257 5097 1905 9688 3079 779 4644 6213 915 790 3743
327 4293 1423 6257 5097 1905 9688 3079 779 4644 6213 915 790 3743
328 4293 1423 6257 5097 1905 9688 3079 779 4644 6213 915 790 3743
329 4293 1423 6257 5097 1905 9688 3079 779 4644 6213 915 790 3743
330 4293 1423 6257 5097 1905 9688 3079 779 4644 6213 915 790 3743
331 4293 1423 6257 5097 1905 9688 3079 779 4644 6213 915 790 3743
332 4293 1423 6257 5097 1905 9688 3079 779 4644 6213 915 790 3743
333 4293 1423 6257 5097 1905 9688 3079 779 4644 6213 915 790 3743
334 4293 1423 6257 5097 1905 9688 3079 779 4644 6213 915 790 3743
335 4293 1423 6257 5097 1905 9688 3079 779 4644 6213 915 790 3743
336 4293 1423 6257 5097 1905 9688 3079 779 4644 6213 915 790 3743
337 4293 1423 6257 5097 1905 9688 3079 779 4644 6213 915 790 3743
338 4293 1423 6257 5097 1905 9688 3079 779 4644 6213 915 790 3743
339 4293 1423 6257 5097 1905 9688 3079 779 4644 6213 915 790 3743
340 4293 1423 6257 5097 1905 9688 3079 779 4644 6213 915 790 3743
341 4293 1423 6257 5097 1905 9688 3079 779 4644 6213 915 790 3743
342 4293 1423 6257 5097 1905 9688 3079 779 4644 6213 915 790 3743
343 4293 1423 6257 5097 1905 9688 3079 779 4644 6213 915 790 3743
344 4293 1423 6257 5097 1905 9688 3079 779 4644 6213 915 790 3743
345 4293 1423 6257 5097 1905 9688 3079 779 4644 6213 915 790 3743
346 4293 1423 6257 5097 1905 9688 3079 779 4644 6213 915 790 3743
347 4293 1423 6257 5097 1905 9688 3079 779 4644 6213 915 790 3743
348 4293 1423 6257 5097 1905 9688 3079 779 4644 6213 915 790 3743
349 4293 1423 6257 5097 1905 9688 3079 779 4644 6213 915 790 3743
350 4293 1423 6257 5097 1905 9688 3079 779 4644 6213 915 790 3743
351 4293 1423 6257 5097 1905 9688 3079 779 4644 6213 915 790 3743
352 4293 1423 6257 5097 1905 9688 3079 779 4644 6213 915 790 3743
353 4293 1423 6257 5097 1905 9688 3079 779 4644 6213 915 790 3743
354 4293 1423 6257 5097 1905 9688 3079 779 4644 6213 915 790 3743
355 4293 1423 6257 5097 1905 9688 3079 779 4644 6213 915 790 3743
356 4293 1423 6257 5097 1905 9688 3079 779 4644 6213 915 790 3743
357 4293 1423 6257 5097 1905 9688 3079 779 4644 6213 915 790 3743
358 4293 1423 6257 5097 1905 9688 3079 779 4644 6213 915 790 3743
359 4293 1423 6257 5097 1905 9688 3079 779 4644 6213 915 790 3743
360 4293 1423 6257 5097 1905 9688 3079 779 4644 6213 915 790 3743
361 4293 1423 6257 5097 1905 9688 3079 779 4644 6213 915 790 3743
362 4293 1423 6257 5097 1905 9688 3079 779 4644 6213 915 790 3743
363 4293 1423 6257 5097 1905 9688 3079 779 4644 6213 915 790 3743
364 4293 1423 6257 5097 1905 9688 3079 779 4644 6213 915 790 3743
365 4293 1423 6257 5097 1905 9688 3079 779 4644 6213 915 790 3743
366 4293 1423 6257 5097 1905 9688 3079 779 4644 6213 915 790 3743
367 4293 1423 6257 5097 1905 9688 3079 779 4644 6213 915 790 3743
368 4293 1423 6257 5097 1905 9688 3079 779 4644 6213 915 790 3743
369 4293 1423 6257 5097 1905 9688 3079 779 4644 6213 915 790 3743
370 4293 1423 6257 5097 1905 9688 3079 779 4644 6213 915 790 3743
371 4293 1423 6257 5097 1905 9688 3079 779 4644 6213 915 790 3743
372 4293 1423 6257 5097 1905 9688 3079 779 4644 6213 915 790 3743
373 4293 1423 6257 5097 1905 9688 3079 779 4644 6213 915 790 3743
374 4293 1423 6257 5097 1905 9688 3079 779 4644 6213 915 790 3743
375 4293 1423 6257 5097 1905 9688 3079 779 4644 6213 915 790 3743
376 4293 1423 6257 5097 1905 9688 3079 779 4644 6213 915 790 3743
377 4293 1423 6257 5097 1905 9688 3079 779 4644 6213 915 790 3743
378 4293 1423 6257 5097 1905 9688 3079 779 4644 6213 915 790 3743
379 4293 1423 6257 5097 1905 9688 3079 779 4644 6213 915 790 3743
380 4293 1423 6257 5097 1905 9688 3079 779 4644 6213 915 790 3743
381 4293 1423 6257 5097 1905 9688 3079 779 4644 6213 915 790 3743
382 4293 1423 6257 5097 1905 9688 3079 779 4644 6213 915 790 3743
383 4293 1423 6257 5097 1905 9688 3079 779 4644 6213 915 790 3743
384 4293 1423 6257 5097 1905 9688 3079 779 4644 6213 915 790 3743
385 4293 1423 6257 5097 1905 9688 3079 779 4644 6213 915 790 3743
386 4293 1423 6257 5097 1905 9688 3079 779 4644 6213 915 790 3743
387 4293 1423 6257 5097 1905 9688 3079 779 4644 6213 915 790 3743
388 4293 1423 6257 5097 1905 9688 3079 779 4644 6213 915 790 3743
389 4293 1423 6257 5097 1905 9688 3079 779 4644 6213 915 790 3743
390 4293 1423 6257 5097 1905 9688 3079 779 4644 6213 915 790 3743
391 4293 1423 6257 5097 1905 9688 3079 779 4644 6213 915 790 3743
392 4293 1423 6257 5097 1905 9688 3079 779 4644 6213 915 790 3743
393 4293 1423 6257 5097 1905 9688 3079 779 4644 6213 915 790 3743
394 4293 1423 6257 5097 1905 9688 3079 779 4644 6213 915 790 3743
395 4293 1423 6257 5097 1905 9688 3079 779 4644 6213 915 790 3743
396 4293 1423 6257 5097 1905 9688 3079 779 4644 6213 915 790 3743
397 4293 1423 6257 5097 1905 9688 3079 779 4644 6213 915 790 3743
398 4293 1423 6257 5097 1905 9688 3079 779 4644 6213 915 790 3743
399 4293 1423 6257 5097 1905 9688 3079 779 4644 6213 915 790 3743
400 4293 1423 6257 5097 1905 9688 3079 779 4644 6213 915 790 3743
401 4293 1423 6257 5097 1905 9688 3079 779 4644 6213 915 790 3743
402 4293 1423 6257 5097 1905 9688 3079 779 4644 6213 915 790 3743
403 4293 1423 6257 5097 1905 9688 3079 779 4644 6213 915 790 3743
404 4293 1423 6257 5097 1905 9688 3079 779 4644 6213 915 790 3743
405 4293 1423 6257 5097 1905 9688 3079 779 4644 6213 915 790 3743
406 4293 1423 6257 5097 1905 9688 3079 779 4644 6213 915 790 3743
407 4293 1423 6257 5097 1905 9688 3079 779 4644 6213 915 790 3743
408 4293 1423 6257 5097 1905 9688 3079 779 4644 6213 915 790 3743
409 4293 1423 6257 5097 1905 9688 3079 779 4644 6213 915 790 3743
410 4293 1423 6257 5097 1905 9688 3079 779 4644 6213 915 790 3743
411 4293 1423 6257 5097 1905 9688 3079 779 4644 6213 915 790 3743
412 4293 1423 6257 5097 1905 9688 3079 779 4644 6213 915 790 3743
413 4293 1423 6257 5097 1905 9688 3079 779 4644 6213 915 790 3743
414 4293 1423 6257 5097 1905 9688 3079 779 4644 6213 915 790 3743
415 4293 1423 6257 5097 1905 9688 3079 779 4644 6213 915 790 3743
416 4293 1423 6257 5097 1905 9688 3079 779 4644 6213 915 790 3743
417 4293 1423 6257 5097 1905 9688 3079 779 4644 6213 915 790 3743
418 4293 1423 6257 5097 1905 9688 3079 779 4644 6213 915 790 3743
419 4293 1423 6257 5097 1905 9688 3079 779 4644 6213 915 790 3743
420 4293 1423 6257 5097 1905 9688 3079 779 4644 6213 915 790 3743
421 4293 1423 6257 5097 1905 9688 3079 779 4644 6213 915 790 3743
422 4293 1423 6257 5097 1905 9688 3079 779 4644 6213 915 790 3743
423 4293 1423 6257 5097 1905 9688 3079 779 4644 6213 915 790 3743
424 4293 1423 6257 5097 1905 9688 3079 779 4644 6213 915 790 3743
425 4293 1423 6257 5097 1905 9688 3079 779 4644 6213 915 790 3743
426 4293 1423 6257 5097 1905 9688 3079 779 4644 6213 915 790 3743
427 4293 1423 6257 5097 1905 9688 3079 779 4644 6213 915 790 3743
428 4293 1423 6257 5097 1905 9688 3079 779 4644 6213 915 790 3743
429 4293 1423 6257 5097 1905 9688 3079 779 4644 6213 915 790 3743
430 4293 1423 6257 5097 1905 9688 3079 779 4644 6213 915 790 3743
431 4293 1423 6257 5097 1905 9688 3079 779 4644 6213 915 790 3743
432 4293 1423 6257 5097 1905 9688 3079 779 4644 6213 915 790 3743
433 4293 1423 6257 5097 1905 9688 3079 779 4644 6213 915 790 3743
434 4293 1423 6257 5097 1905 9688 3079 779 4644 6213 915 790 3743
435 4293 1423 6257 5097 1905 9688 3079 779 4644 6213 915 790 3743
436 4293 1423 6257 5097 1905 9688 3079 779 4644 6213 915 790 3743
437 4293 1423 6257 5097 1905 9688 3079 779 4644 6213 915 790 3743
438 4293 1423 6257 5097 1905 9688 3079 779 4644 6213 915 790 3743
439 4293 1423 6257 5097 1905 9688 3079 779 4644 6213 915 790 3743
440 4293 1423 6257 5097 1905 9688 3079 779 4644 6213 915 790 3743
441 4293 1423 6257 5097 1905 9688 3079 779 4644 6213 915 790 3743
442 4293 1423 6257 5097 1905 9688 3079 779 4644 6213 915 790 3743
443 4293 1423 6257 5097 1905 9688 3079 779 4644 6213 915 790 3743
444 4293 1423 6257 5097 1905 9688 3079 779 4644 6213 915 790 3743
445 4293 1423 6257 5097 1905 9688 3079 779 4644 6213 915 790 3743
446 4293 1423 6257 5097 1905 9688 3079 779 4644 6213 915 790 3743
447 4293 1423 6257 5097 1905 9688 3079 779 4644 6213 915 790 3743
448 4293 1423 6257 5097 1905 9688 3079 779 4644 6213 915 790 3743
449 4293 1423 6257 5097 1905 9688 3079 779 4644 6213 915 790 3743
450 4293 1423 6257 5097 1905 9688 3079 779 4644 6213 915 790 3743
451 4293 1423 6257 5097 1905 9688 3079 779 4644 6213 915 790 3743
452 4293 1423 6257 5097 1905 9688 3079 779 4644 6213 915 790 3743
453 4293 1423 6257 5097 1905 9688 3079 779 4644 6213 915 790 3743
454 4293 1423 6257 5097 1905 9688 3079 779 4644 6213 915 790 3743
455 4293 1423 6257 5097 1905 9688 3079 779 4644 6213 915 790 3743
456 4293 1423 6257 5097 1905 9688 3079 779 4644 6213 915 790 3743
457 4293 1423 6257 5097 1905 9688 3079 779 4644 6213 915 790 3743
458 4293 1423 6257 5097 1905 9688 3079 779 4644 6213 915 790 3743
459 4293 1423 6257 5097 1905 9688 3079 779 4644 6213 915 790 3743
460 4293 1423 6257 5097 1905 9688 3079 779 4644 6213 915 790 3743
461 4293 1423 6257 5097 1905 9688 3079 779 4644 6213 915 790 3743
462 4293 1423 6257 5097 1905 9688 3079 779 4644 6213 915 790 3743
463 4293 1423 6257 5097 1905 9688 3079 779 4644 6213 915 790 3743
464 4293 1423 6257 5097 1905 9688 3079 779 4644 6213 915 790 3743
465 4293 1423 6257 5097 1905 9688 3079 779 4644 6213 915 790 3743
466 4293 1423 6257 5097 1905 9688 3079 779 4644 6213 915 790 3743
467 4293 1423 6257 5097 1905 9688 3079 779 4644 6213 915 790 3743
468 4293 1423 6257 5097 1905 9688 3079 779 4644 6213 915 790 3743
469 4293 1423 6257 5097 1905 9688 3079 779 4644 6213 915 790 3743
470 4293 1423 6257 5097 1905 9688 3079 779 4644 6213 915 790 3743
471 4293 1423 6257 5097 1905 9688 3079 779 4644 6213 915 790 3743
472 4293 1423 6257 5097 1905 9688 3079 779 4644 6213 915 790 3743
473 4293 1423 6257 5097 1905 9688 3079 779 4644 6213 915 790 3743
474 4293 1423 6257 5097 1905 9688 3079 779 4644 6213 915 790 3743
475 4293 1423 6257 5097 1905 9688 3079 779 4644 6213 915 790 3743
476 4293 1423 6257 5097 1905 9688 3079 779 4644 6213 915 790 3743
477 4293 1423 6257 5097 1905 9688 3079 779 4644 6213 915 790 3743
478 4293 1423 6257 5097 1905 9688 3079 779 4644 6213 915 790 3743
479 4293 1423 6257 5097 1905 9688 3079 779 4644 6213 915 790 3743
480 4293 1423 6257 5097 1905 9688 3079 779 4644 6213 915 790 3743
481 4293 1423 6257 5097 1905 9688 3079 779 4644 6213 915 790 3743
482 4293 1423 6257 5097 1905 9688 3079 779 4644 6213 915 790 3743
483 4293 1423 6257 5097 1905 9688 3079 779 4644 6213 915 790 3743
484 4293 1423 6257 5097 1905 9688 3079 779 4644 6213 915 790 3743
485 4293 1423 6257 5097 1905 9688 3079 779 4644 6213 915 790 3743
486 4293 1423 6257 5097 1905 9688 3079 779 4644 6213 915 790 3743
487 4293 1423 6257 5097 1905 9688 3079 779 4644 6213 915 790 3743
488 4293 1423 6257 5097 1905 9688 3079 779 4644 6213 915 790 3743
489 4293 1423 6257 5097 1905 9688 3079 779 4644 6213 915 790 3743
490 4293 1423 6257 5097 1905 9688 3079 779 4644 6213 915 790 3743
491 4293 1423 6257 5097 1905 9688 3079 779 4644 6213 915 790 3743
492 4293 1423 6257 5097 1905 9688 3079 779 4644 6213 915 790 3743
493 4293 1423 6257 5097 1905 9688 3079 779 4644 6213 915 790 3743
494 4293 1423 6257 5097 1905 9688 3079 779 4644 6213 915 790 3743
495 4293 1423 6257 5097 1905 9688 3079 779 4644 6213 915 790 3743
496 4293 1423 6257 5097 1905 9688 3079 779 4644 6213 915 790 3743
497 4293 1423 6257 5097 1905 9688 3079 779 4644 6213 915 790 3743
498 4293 1423 6257 5097 1905 9688 3079 779 4644 6213 915 790 3743
499 4293 1423 6257 5097 1905 9688 3079 779 4644 6213 915 790 3743
500 4293 1423 6257 5097 1905 9688 3079 779 4644 6213 915 790 3743
